0000000000000000000000000000000000000000000000000000000000000000
0000000000000000000000000000000000000000000000000000000000000000
0000000000000000000000000000000000000000000000000000000000000000
0000000000000000000000000000000000000000000000000000000000000000
0000000000000000000000000000000000000000000000000000000000000000
0000000000000000000000000000000000000000000000000000000000000000
0000000000000000000000000000000000000000000000000000000000000000
0000000000000000000000000000000000000000000000000000000000000000
0000000000000000000000000000000000000000000000000000000000000000
0000000000000000000000000000000000000000000000000000000000000000
0000000000000001000000000000000000000000000000000000000000000000
0000000000000001000000000000000000000000000000000000000000000000
0000000000000001000000000000000000000000000000000000000000000000
0000000000000000100000000000000000000000000000000000000000000000
0000000000000000100000000000000000000000000000000000000000000000
0000000000000000100000000000000010000000000000000000000000000000
0000000000000000010000000000000100000000000000000000000000000000
0000000000000000010000000000001000000000000000000000000000000000
0000000000000000010000000000110000000000000000000000000000000000
0000000000000000010000000001000000000000000000000000000000000000
0000000000000000001000000010000000000000000000000000000000000000
0000000000000000001000001100000000000000000000000000000000000000
0000000000000000001000010000000000000000000000000000000000000000
0000000000000000001000100000000000000000000000000000000000000000
0000000000000000000111000000000000000000000000000000000000000000
0000000000000000000100000000000000000000000000000000000000000000
0000000000000000001100000000000000000000000000000000000000000000
0000000000000000110010000000000000000000000000000000000000000000
0000000000000001000010000000000000000000000000000000000000000000
0000000000000010000010000000000000000000000000000000000000000000
0000000000000100000010000000000000000000000000000000000000000000
0000000000011000000001000000000000000000000000000000000000000000
0000000000000000000001000000000000000000000000000000000000000000
0000000000000000000000000000000000000000000000000000000000000000
0000000000000000000000000000000000000000000000000000000000000000
0000000000000000000000000000000000000000000000000000000000000000
0000000000000000000000000000000000000000000000000000000000000000
0000000000000000000000000000000000000000000000000000000000000000
0000000000000000000000000000000000000000000000000000000000000000
0000000000000000000000000000000000000000000000000000000000000000
0000000000000000000000000000000000000000000000000000000000000000
0000000000000000000000000000000000000000000000000000000000000000
0000000000000000000000000000000000000000000000000000000000000000
0000000000000000000000000000000000000000000000000000000000000000
0000000000000000000000000000000000000000000000000000000000000000
0000000000000000000000000000000000000000000000000000000000000000
0000000000000000000000000000000000000000000000000000000000000000
0000000000000000000000000000000000000000000000000000000000000000
0000000000000000000000000000000000000000000000000000000000000000
0000000000000000000000000000000000000000000000000000000000000000
0000000000000000000000000000000000000000000000000000000000000000
0000000000000000000000000000000000000000000000000000000000000000
0000000000000000000000000000000000000000000000000000000000000000
0000000000000000000000000000000000000000000000000000000000000000
0000000000000000000000000000000000000000000000000000000000000000
0000000000000000000000000000000000000000000000000000000000000000
0000000000000000000000000000000000000000000000000000000000000000
0000000000000000000000000000000000000000000000000000000000000000
0000000000000000000000000000000000000000000000000000000000000000
0000000000000000000000000000000000000000000000000000000000000000
0000000000000000000000000000000000000000000000000000000000000000
0000000000000000000000000000000000000000000000000000000000000000
0000000000000000000000000000000000000000000000000000000000000000
0000000000000000000000000000000000000000000000000000000000000000
