0000000000100
0000000000100
0000000000100
0000000000100
0000000000100
0000000000100
0000000000100
0000000000100
0000000000100
0000000000100
0000000000100
0000000000100
1111111111111
0000000000100
0000000000100
0000000000100
0000000000100
0000000000100
0000000000100
0000000000100
0000000000100
0000000000100
0000000000100
0000000000100
0000000000100
0000000000100
0000000000100
0000000000100
0000000000100
0000000000100
0000000000100
0000000000100
0000000000100
0000000000100
0000000000100
0000000000100
0000000000100
0000000000100
0000000000100
0000000000100
0000000000100
0000000000100
0000000000100
0000000000100
0000000000100
0000000000100
0000000000100
0000000000100
0000000000100
0000000000100
0000000000100
0000000000100
0000000000100
0000000000100
0000000000100
0000000000100
0000000000100
0000000000100
0000000000100
0000000000100
0000000000100
0000000000100
0000000000100
0000000000100
0000000000100
0000000000100
0000000000100
0000000000100
0000000000100
0000000000100
0000000000100
