000000000000000000000000000000000000000011
000000000000000000000000000000000011111100
000000000000000000000000000011111100000000
000000000000000000000011111100000000000000
000000000000000011111100000000000000000000
000000000011111100000000000000000000000000
000011111100000000000000000000000000000000
111100000000000000000000000000000000000000
000000000000000000000000000000000000000000
000000000000000000000000000000000000000000
000000000000000000000000000000000000000000
000000000000000000000000000000000000000000
000000000000000000000000000000000000000000
000000000000000000000000000000000000000000
000000000000000000000000000000000000000000
000000000000000000000000000000000000000000
000000000000000000000000000000000000000000
000000000000000000000000000000000000000000
000000000000000000000000000000000000000000
000000000000000000000000000000000000000000
000000000000000000000000000000000000000000
000000000000000000000000000000000000000000
000000000000000000000000000000000000000000
