00000000000000000000000
00000000000000000000000
00000000000000000000000
00010000000000000000000
00001000000000000000000
00001000000000000000000
00001000000000000000000
00000100000000000000000
00000100000000000000000
00000100000000000000000
00000010000000000000000
00000010000000000000000
00000010000000110000000
00000001000000001100000
00000001000000000011100
00000000000000000000010
00000000000000000000000
00000000000000000000000
00000000000000000000000
00000000000000000000000
00000000000000000000000
00000000000000000000000
00000000000000000000000
